Weights: [-11.20720679  -7.78962773]
Bias: [2152.73081062]
Weights: [-11.19774391  -7.79364525]
Bias: [2151.13660157]